99911
99877
99716
99659
99638
99311
99242
99199
99124
99071
98972
98901
98874
98807
98800
98486
98402
98293
98282
98261
98174
98092
97993
97934
97915
97834
97786
97735
97726
97724
97468
97445
97358
97335
97270
97159
97086
97065
97052
96999
96927
96907
96846
96755
96717
96670
96546
96486
96400
96313
96132
96064
95959
95958
95901
95842
95822
95392
95387
95331
95249
95193
95148
95019
94998
94991
94894
94795
94788
94780
94700
94671
94656
94469
94385
94165
94053
93833
93763
93597
93445
93308
93287
93235
93174
93046
92821
92799
92558
92522
92516
92445
92365
92363
92289
91966
91884
91744
91679
91650
91640
91532
91266
91239
91186
91125
91018
90863
90793
90789
90738
90634
90429
90189
90185
90137
90061
90003
89973
89955
89731
89721
89690
89679
89648
89445
89376
89366
89201
89158
88966
88898
88707
88386
88301
88104
88015
87968
87954
87950
87524
87448
87436
87395
87391
87323
87310
86967
86768
86726
86659
86546
86496
86453
86238
86196
86123
85996
85749
85741
85735
85667
85666
85542
85479
85343
85262
85225
84999
84796
84648
84638
84628
84626
84609
84510
84484
84352
84288
83876
83754
83708
83682
83534
83530
83522
83486
83444
83441
83375
83237
82966
82861
82826
82792
82445
82442
82441
82404
82326
82289
82267
82263
82165
81979
81850
81836
81755
81694
81380
80725
80666
80612
80459
80282
80250
80106
79708
79479
79461
79451
79274
79255
79167
79070
78998
78987
78985
78880
78796
78755
78725
78713
78650
78371
78353
78296
78263
78191
77967
77909
77695
77522
77307
77016
76944
76801
76753
76673
76558
76384
76340
76285
76263
76195
76195
76175
76070
76038
76033
76018
75933
75795
75726
75504
75164
75117
75060
75057
74828
74765
74743
74720
74492
74354
74162
74130
73664
73555
73539
73393
73384
73321
73276
73261
72951
72901
72805
72442
72240
72195
72082
72020
71885
71603
71501
71329
71213
71061
70957
70790
70744
70713
70511
70434
70398
70390
70300
70029
70020
70010
69975
69949
69901
69632
69590
69576
69456
69425
69364
69234
69063
69059
68663
68615
68197
68194
68147
68074
68037
67994
67906
67748
67711
67679
67635
67633
67567
67532
67339
67169
67065
67008
66996
66981
66958
66906
66723
66553
66441
66423
66398
66280
66267
66228
66206
66005
65875
65793
65760
65622
65547
65304
65284
65211
64917
64793
64749
64569
64553
64383
64261
64192
63894
63693
63689
63612
63548
63540
63512
63463
63423
63363
63359
63136
63033
62934
62445
62441
62239
61768
61675
61675
61637
61552
61353
61328
61317
61295
61283
61240
61161
61116
61046
61008
60854
60825
60800
60797
60756
60651
60592
60450
60347
60229
60209
60104
59966
59801
59726
59711
59285
59275
59117
59084
59076
59062
59050
58951
58279
58277
58200
58119
58076
57982
57811
57739
57737
57737
57591
57411
57087
57004
56972
56622
56614
56551
56463
56241
56098
55924
55848
55568
55486
55374
55053
54927
54923
54907
54811
54753
54740
54689
54647
54571
54492
54471
54439
54390
54221
54084
53626
53416
53259
53182
53158
52974
52947
52667
52274
52081
52019
52001
51599
51582
51525
51409
51378
51361
51293
51239
50866
50712
50663
50649
50490
50262
50253
50230
50055
1000
50
50
50
50
50
50
50
50
50
50
49
49
49
49
49
49
48
48
48
48
47
47
47
47
47
47
46
46
46
45
45
45
45
44
44
44
43
43
43
42
42
42
42
42
42
42
41
41
41
41
40
40
40
39
39
39
38
38
37
37
37
36
36
36
36
36
36
36
35
35
35
35
34
34
34
34
34
33
33
33
33
33
32
32
32
32
31
30
30
30
29
29
29
29
28
28
28
28
28
28
27
27
27
27
26
26
26
26
26
25
25
25
25
25
25
25
25
24
24
24
24
24
23
23
23
23
23
22
22
22
22
22
22
22
21
21
21
20
20
20
20
20
20
20
20
20
20
20
19
19
19
19
19
19
19
19
18
18
18
18
18
17
17
17
16
16
16
15
15
15
15
15
14
14
14
14
14
14
14
14
13
13
13
13
13
13
12
12
12
12
12
11
11
11
10
10
10
10
8
8
8
8
8
8
8
7
7
7
7
7
7
7
7
6
6
5
5
5
5
4
4
4
4
4
4
3
3
3
3
3
3
2
2
2
1
1
1
1
1
0
0
0
0
0
0
-1
-1
-1
-1
-1
-2
-2
-2
-2
-2
-2
-2
-3
-3
-3
-4
-4
-4
-4
-5
-5
-5
-6
-6
-6
-6
-6
-6
-7
-7
-7
-7
-7
-7
-8
-8
-8
-8
-9
-9
-9
-9
-9
-9
-10
-10
-10
-10
-10
-10
-10
-11
-11
-11
-11
-11
-11
-12
-12
-12
-12
-13
-13
-13
-13
-13
-13
-13
-13
-13
-13
-14
-14
-15
-15
-15
-16
-16
-16
-16
-16
-16
-16
-17
-17
-18
-18
-18
-18
-18
-18
-18
-18
-19
-19
-19
-19
-19
-19
-20
-20
-20
-20
-21
-21
-21
-21
-21
-21
-21
-22
-22
-22
-22
-22
-22
-22
-23
-23
-23
-23
-23
-23
-24
-24
-24
-24
-24
-24
-25
-25
-25
-25
-25
-26
-26
-26
-26
-27
-27
-27
-27
-27
-28
-28
-29
-29
-29
-29
-29
-29
-29
-29
-30
-30
-30
-30
-30
-30
-30
-32
-32
-33
-33
-33
-33
-34
-34
-34
-34
-35
-35
-36
-36
-36
-36
-36
-36
-36
-36
-37
-37
-37
-37
-37
-37
-37
-38
-38
-38
-38
-38
-38
-39
-39
-39
-39
-39
-39
-40
-40
-40
-40
-41
-41
-41
-41
-41
-42
-42
-42
-42
-42
-43
-43
-44
-45
-45
-45
-45
-45
-45
-45
-46
-46
-46
-46
-46
-47
-47
-47
-47
-47
-47
-47
-47
-47
-48
-48
-48
-48
-48
-48
-48
-48
-49
-49
-49
-49
-49
-49
-49
-50
-50
-50
